index,size
0,9
1,2
2,2
4,2
5,3
6,3
7,2
8,2
9,6
10,2
11,4
12,2
13,2
14,2
15,2
16,2
17,3
18,2
19,2
20,2
21,2
22,2
23,2
27,3
28,5
29,9
30,2
31,2
32,3
33,5
34,7
35,10
36,4
38,2
39,5
40,2
42,3
43,2
45,5
47,2
49,4
50,2
52,3
53,3
54,2
55,2
56,2
57,2
58,2
59,2
60,7
61,2
62,2
64,2
66,3
67,2
68,7
69,2
71,2
72,2
73,6
74,9
75,2
76,2
77,4
79,2
81,2
82,2
83,4
84,2
85,2
86,2
87,2
88,2
89,3
90,9
91,2
92,2
93,2
94,2
95,5
96,3
98,2
99,2
100,2
101,2
102,8
103,10
104,2
105,2
106,2
109,4
110,4
111,2
112,2
113,2
114,7
115,2
116,2
117,4
118,6
119,2
120,2
121,2
122,2
123,10
124,3
125,2
126,5
127,2
128,3
130,2
131,3
132,3
133,2
135,2
136,3
137,2
138,2
139,5
140,2
142,2
143,3
144,2
145,6
146,4
147,2
148,2
149,2
150,4
151,7
152,2
153,3
154,2
155,2
156,3
157,2
158,4
160,3
161,9
163,2
164,2
165,2
166,2
167,2
168,2
169,2
170,2
171,2
172,2
173,3
174,2
175,2
176,4
177,3
178,2
179,2
180,2
181,2
182,2
183,2
184,4
185,3
186,2
187,3
188,2
190,2
191,3
192,2
193,2
194,2
195,2
196,2
197,2
199,2
200,2
201,2
202,4
203,2
204,2
205,2
206,9
207,2
208,4
210,2
211,2
212,3
213,2
214,3
218,2
219,2
220,3
221,4
222,2
224,3
226,2
227,5
228,4
229,2
230,2
231,2
232,2
233,3
235,2
236,6
238,2
239,4
240,2
241,2
243,2
246,5
247,4
248,2
249,10
250,3
251,2
252,2
255,2
257,2
258,2
259,2
261,2
262,2
263,2
264,2
265,2
266,2
267,2
268,2
269,2
270,2
273,2
276,2
277,2
278,3
279,5
280,2
281,5
282,2
283,3
284,2
285,4
286,2
287,6
288,4
289,9
290,10
291,4
292,2
294,2
295,2
296,2
297,4
298,2
299,5
300,2
301,4
302,3
303,5
304,2
305,2
306,2
307,2
308,9
309,2
310,2
311,2
312,2
313,2
314,2
315,2
317,2
318,2
320,2
321,2
322,3
323,4
324,4
325,2
327,2
329,3
330,2
331,2
332,2
333,2
334,3
335,2
336,2
337,2
338,2
340,2
341,2
342,10
343,4
344,2
345,3
346,3
347,4
348,2
349,2
350,2
352,8
353,2
354,3
355,4
356,2
357,2
358,10
359,2
360,10
361,3
362,2
363,2
364,2
365,6
366,4
367,2
368,2
369,4
370,4
371,2
372,2
374,3
375,2
376,5
377,2
378,2
379,2
380,2
381,2
382,3
383,4
386,2
388,2
392,3
394,4
395,2
396,4
399,9
400,7
401,2
402,8
403,3
404,2
407,2
408,2
409,2
410,3
411,6
412,2
413,3
415,10
416,2
417,2
418,2
419,2
420,2
421,2
422,2
423,2
425,6
426,2
427,2
430,2
431,2
432,2
433,2
434,2
435,2
437,2
438,2
440,3
443,2
444,2
445,2
446,2
447,2
448,2
449,3
450,2
451,2
452,2
453,2
456,3
457,2
458,2
460,2
461,2
462,2
463,2
464,2
465,2
466,2
467,2
469,2
470,2
472,3
473,7
475,3
476,10
477,3
478,2
479,2
481,2
482,4
483,8
484,2
485,2
486,3
487,2
489,2
490,2
491,2
492,2
493,2
495,2
496,3
497,2
498,2
500,2
502,2
503,3
504,2
505,4
506,2
507,2
508,2
509,2
510,2
511,2
513,3
514,4
516,2
517,2
518,2
519,2
520,2
521,9
522,2
524,2
525,2
526,2
527,2
528,2
529,4
531,5
532,6
533,2
535,2
536,7
537,2
538,3
539,2
540,5
541,2
542,2
543,4
544,2
545,3
546,2
547,7
548,10
549,2
550,2
551,7
552,4
554,4
555,2
556,2
557,2
559,3
560,5
561,2
563,2
564,2
565,2
566,2
568,3
569,3
571,2
572,2
574,2
575,4
576,9
577,4
578,2
581,2
583,3
585,2
586,4
589,2
590,5
591,5
592,3
593,6
594,3
595,2
596,3
597,2
598,6
599,3
600,3
601,2
602,3
603,7
604,4
605,2
606,2
607,2
608,2
609,2
611,3
612,2
613,3
614,4
615,3
617,2
618,5
619,2
621,2
622,4
623,2
624,2
625,4
626,5
627,2
628,5
629,5
632,2
633,2
634,2
638,2
639,2
640,2
642,3
644,2
645,2
646,3
648,2
649,2
650,3
651,3
652,2
654,3
656,2
657,3
659,2
660,2
661,3
662,3
663,2
664,2
666,3
667,2
669,2
670,2
671,3
672,2
673,2
674,5
675,2
676,4
678,2
679,2
680,3
681,2
682,2
683,2
684,3
686,9
688,2
689,3
690,2
691,2
692,2
693,4
694,4
695,4
696,2
697,2
698,4
699,2
700,2
701,6
702,2
704,3
705,2
706,5
707,2
708,2
709,2
710,2
711,3
712,2
713,2
714,2
716,2
717,2
719,2
720,2
722,2
723,3
724,2
725,2
726,2
728,4
731,2
732,3
733,2
735,2
737,2
738,2
739,3
740,2
741,2
742,2
743,2
744,2
745,4
746,3
748,2
749,9
750,2
752,2
753,10
754,2
755,3
756,6
757,2
760,3
761,3
762,2
763,3
764,2
765,2
767,4
768,2
769,2
770,2
771,2
773,3
774,8
776,2
777,2
778,2
780,2
782,2
783,4
785,2
786,2
787,2
788,3
789,2
790,2
791,3
792,4
793,2
794,2
795,3
796,6
799,2
800,4
801,7
802,3
803,2
804,3
805,10
806,2
807,2
808,2
809,2
810,6
811,2
812,2
813,2
814,2
815,2
817,2
818,10
819,4
820,2
821,2
822,2
823,4
824,3
826,2
827,4
828,2
829,2
830,2
831,3
832,2
834,2
836,6
837,2
838,2
840,2
841,2
842,2
843,2
844,2
845,2
848,2
849,10
850,6
852,4
853,5
854,2
855,10
856,2
858,2
859,7
860,4
862,2
863,2
864,2
866,8
868,2
869,2
870,2
871,5
872,3
874,2
875,6
876,2
877,3
879,2
880,2
881,2
882,3
883,3
884,5
885,8
887,2
888,8
890,2
891,3
892,3
893,2
895,2
896,2
897,2
898,2
899,2
900,2
901,2
902,2
903,2
904,2
905,8
906,2
908,2
909,4
910,2
911,2
913,2
914,2
916,2
917,2
918,6
919,5
920,10
921,2
923,2
924,3
925,2
926,5
927,2
928,3
930,2
931,2
932,2
933,3
934,2
936,2
937,2
938,2
939,2
940,3
941,2
944,2
945,2
947,2
948,2
952,2
953,2
954,2
956,2
957,2
960,5
963,2
964,2
966,2
967,2
970,2
971,5
972,2
975,2
977,2
978,2
979,2
980,3
981,2
982,2
983,2
986,2
987,4
988,3
990,5
992,5
993,2
994,2
996,3
998,2
1000,2
1001,2
1002,2
1003,2
1004,3
1007,5
1008,6
1010,5
1011,3
1012,2
1013,2
1014,2
1016,2
1017,2
1020,5
1021,2
1023,4
1024,3
1026,3
1027,4
1028,6
1030,4
1031,3
1032,6
1034,6
1035,2
1038,2
1039,2
1040,9
1041,2
1042,2
1043,2
1044,3
1045,2
1046,2
1047,3
1048,3
1049,2
1050,2
1052,4
1053,3
1054,2
1055,2
1056,2
1057,3
1060,3
1061,3
1065,2
1067,2
1070,2
1071,2
1072,2
1073,3
1078,2
1079,2
1080,2
1081,7
1082,2
1084,7
1085,2
1086,2
1087,2
1088,3
1089,2
1092,4
1093,4
1095,4
1096,6
1097,2
1098,2
1099,2
1100,2
1101,2
1102,3
1103,8
1105,4
1106,4
1107,4
1108,2
1109,2
1110,3
1111,2
1112,2
1113,10
1114,2
1118,2
1119,2
1120,2
1122,2
1123,2
1124,2
1125,2
1126,2
1127,6
1129,10
1131,4
1132,2
1133,3
1134,2
1136,2
1137,2
1138,4
1139,2
1141,3
1142,5
1143,2
1144,2
1145,3
1146,2
1147,2
1148,3
1149,2
1150,3
1151,5
1152,2
1153,2
1154,2
1157,2
1158,4
1159,2
1160,2
1161,2
1162,2
1163,3
1165,10
1166,2
1167,3
1169,3
1171,2
1172,2
1176,2
1177,2
1179,2
1182,4
1183,2
1184,2
1185,2
1188,3
1192,2
1193,5
1194,3
1195,2
1196,2
1197,2
1198,2
1199,3
1200,2
1203,2
1205,2
1212,2
1214,2
1216,2
1217,8
1218,2
1219,2
1220,2
1221,2
1224,2
1226,2
1228,2
1230,2
1231,2
1232,2
1234,6
1236,2
1237,2
1238,2
1239,2
1240,2
1241,4
1242,2
1243,4
1244,4
1246,10
1248,9
1249,3
1250,2
1251,8
1252,2
1253,2
1254,2
1255,2
1256,2
1258,2
1259,10
1260,7
1261,3
1263,2
1264,2
1265,2
1266,2
1267,3
1268,2
1269,3
1270,2
1271,2
1274,3
1275,4
1276,2
1277,2
1280,2
1282,2
1283,2
1284,2
1285,2
1286,2
1287,2
1289,2
1291,2
1293,2
1298,4
1299,2
1301,2
1302,2
1303,2
1305,5
1306,2
1309,2
1310,2
1311,2
1312,2
1317,2
1319,9
1320,4
1324,2
1326,4
1329,4
1331,2
1332,2
1334,2
1335,2
1337,10
1340,3
1342,10
1347,2
1348,6
1350,2
1351,2
1352,3
1353,5
1354,2
1355,2
1358,10
1360,2
1363,5
1364,3
1367,2
1368,2
1369,2
1370,2
1371,5
1372,2
1373,2
1374,3
1376,3
1377,2
1378,2
1380,2
1381,2
1385,2
1386,2
1388,2
1391,2
1392,2
1393,2
1396,2
1397,2
1398,3
1399,5
1400,2
1401,2
1402,3
1404,4
1407,2
1408,2
1411,3
1412,2
1414,2
1417,2
1419,2
1420,10
1421,2
1422,2
1423,2
1425,2
1427,2
1429,2
1430,4
1431,2
1433,4
1434,2
1435,5
1436,6
1438,6
1440,5
1442,3
1443,2
1444,8
1445,2
1446,2
1447,10
1448,2
1452,3
1453,4
1454,2
1458,2
1459,2
1460,2
1463,2
1464,2
1465,2
1466,2
1467,10
1468,2
1469,2
1471,2
1472,2
1473,2
1475,3
1476,6
1478,3
1480,3
1484,5
1485,4
1486,3
1487,2
1490,2
1491,4
1492,2
1493,2
1494,2
1495,2
1496,2
1500,3
1503,2
1504,2
1505,2
1506,2
1507,2
1509,4
1512,2
1513,2
1514,10
1515,2
1516,2
1518,2
1519,5
1520,2
1521,3
1522,2
1523,7
1524,3
1529,2
1530,2
1535,2
1536,2
1538,2
1540,2
1541,2
1542,4
1545,2
1546,4
1548,2
1549,2
1550,2
1553,3
1554,4
1555,2
1556,3
1560,2
1561,3
1563,2
1564,2
1566,3
1567,3
1570,4
1571,2
1572,2
1573,5
1574,3
1576,2
1577,2
1579,4
1580,3
1581,3
1582,2
1583,2
1584,3
1585,2
1586,9
1589,4
1591,2
1592,2
1593,3
1594,2
1595,10
1597,2
1598,2
1600,2
1601,2
1602,2
1604,2
1605,3
1606,2
1608,5
1609,2
1610,10
1611,2
1612,2
1613,2
1614,5
1615,2
1616,3
1618,2
1621,3
1622,2
1625,2
1627,2
1628,2
1629,4
1632,2
1636,2
1641,4
1642,3
1644,3
1647,3
1648,4
1649,2
1650,4
1651,2
1652,2
1654,2
1655,3
1657,10
1658,2
1659,2
1660,3
1661,8
1662,2
1663,2
1664,2
1665,2
1666,2
1667,2
1668,3
1669,7
1671,2
1672,8
1673,2
1677,2
1678,3
1679,2
1680,4
1681,2
1682,2
1683,6
1685,5
1689,2
1690,2
1691,4
1694,2
1695,2
1696,4
1697,5
1701,2
1703,7
1707,2
1709,2
1713,2
1714,3
1715,2
1717,2
1718,4
1721,3
1722,3
1723,3
1724,2
1725,3
1726,2
1727,6
1728,4
1730,2
1732,2
1734,2
1737,2
1739,3
1740,3
1741,2
1743,2
1745,4
1747,3
1749,2
1753,2
1759,3
1761,2
1764,2
1765,2
1766,2
1768,2
1769,3
1770,2
1773,2
1774,2
1776,5
1777,3
1778,5
1779,9
1780,4
1781,2
1782,2
1783,2
1787,2
1788,2
1790,2
1791,3
1792,2
1793,2
1795,10
1797,2
1799,2
1800,2
1802,2
1803,2
1804,3
1807,2
1809,2
1811,2
1812,2
1813,4
1814,4
1816,2
1818,2
1819,3
1826,2
1827,5
1829,4
1830,3
1833,2
1835,4
1836,5
1839,9
1840,5
1842,2
1843,3
1844,2
1845,2
1850,2
1851,10
1852,3
1855,3
1856,3
1857,3
1858,6
1859,2
1860,2
1861,2
1864,3
1866,2
1869,3
1871,2
1872,2
1874,2
1876,6
1877,2
1878,2
1881,2
1882,7
1886,3
1887,3
1888,2
1889,2
1890,7
1891,2
1892,9
1893,3
1894,2
1895,2
1896,2
1897,3
1899,5
1901,2
1903,10
1904,2
1905,2
1906,2
1907,2
1908,4
1910,2
1913,3
1914,5
1915,3
1916,2
1920,2
1921,2
1922,2
1923,2
1924,2
1925,2
1926,2
1930,3
1932,2
1933,2
1934,2
1937,2
1941,2
1942,2
1948,2
1949,2
1950,2
1951,2
1953,2
1954,2
1955,3
1956,2
1957,2
1958,2
1959,6
1960,3
1961,7
1962,10
1963,4
1966,2
1967,2
1968,3
1970,2
1972,2
1973,2
1974,2
1975,2
1976,2
1977,2
1978,2
1979,2
1980,3
1981,2
1982,2
1983,2
1984,3
1986,2
1987,5
1988,3
1989,7
1990,2
1991,2
1994,2
1995,6
1996,2
1998,4
1999,3
2002,2
2003,2
2004,2
2005,3
2006,2
2007,2
2008,2
2009,3
2010,3
2011,2
2012,3
2013,5
2014,10
2017,2
2018,2
2021,6
2023,2
2025,3
2026,4
2027,2
2029,3
2030,2
2031,2
2032,2
2035,2
2036,2
2037,5
2038,2
2039,2
2040,2
2042,4
2043,2
2046,2
2047,2
2050,2
2051,2
2054,2
2055,10
2056,2
2057,5
2058,3
2059,2
2061,2
2062,4
2063,3
2064,2
2065,4
2066,2
2067,10
2069,2
2070,2
2071,10
2074,4
2075,2
2076,2
2077,4
2078,2
2080,10
2082,2
2083,2
2084,5
2085,4
2086,3
2087,3
2089,2
2091,2
2092,6
2093,2
2094,3
2095,2
2097,6
2098,2
2102,2
2103,3
2104,2
2105,4
2107,2
2109,2
2111,3
2112,2
2113,2
2115,2
2116,2
2120,2
2123,2
2124,2
2125,2
2126,2
2128,3
2130,2
2131,2
2132,3
2133,2
2134,3
2135,2
2137,2
2138,2
2139,2
2143,2
2146,2
2148,3
2149,2
2150,2
2151,2
2154,2
2155,2
2157,2
2158,3
2161,4
2162,2
2163,2
2165,2
2167,4
2168,3
2171,3
2172,2
2173,2
2175,4
2176,2
2177,2
2178,4
2179,2
2180,2
2182,2
2184,2
2185,2
2186,3
2187,2
2188,2
2189,4
2190,3
2191,2
2192,2
2193,2
2194,2
2195,3
2196,2
2197,2
2199,4
2200,2
2201,2
2202,3
2203,2
2205,2
2207,2
2208,2
2209,2
2210,2
2211,2
2212,2
2213,3
2214,2
2216,7
2217,2
2218,2
2221,2
2223,2
2224,2
2225,2
2227,3
2228,3
2229,3
2230,2
2231,2
2233,3
2234,2
2236,2
2237,3
2239,2
2241,2
2243,2
2244,5
2246,3
2247,2
2249,2
2250,2
2251,3
2252,2
2253,2
2254,2
2255,2
2256,2
2257,2
2260,2
2262,2
2263,2
2265,2
2268,2
2269,3
2273,5
2278,2
2279,2
2281,2
2283,8
2285,3
2287,2
2288,3
2289,2
2291,2
2292,3
2294,4
2296,2
2297,3
2298,5
2299,2
2300,5
2301,7
2302,3
2303,2
2305,2
2306,5
2307,4
2309,8
2310,3
2311,10
2313,2
2315,6
2316,3
2317,2
2319,4
2320,2
2323,2
2325,2
2326,2
2327,7
2328,4
2329,2
2330,4
2331,2
2336,2
2337,3
2338,2
2340,2
2341,2
2342,3
2343,2
2345,2
2347,2
2350,2
2351,2
2352,3
2353,3
2354,2
2356,5
2357,2
2359,2
2361,2
2363,2
2364,2
2365,5
2366,2
2367,2
2371,4
2374,2
2375,2
2376,6
2378,2
2379,9
2381,2
2382,3
2383,10
2384,2
2386,8
2389,2
2392,2
2393,3
2394,3
2395,2
2397,5
2398,4
2402,4
2405,5
2406,2
2408,2
2410,2
2411,3
2412,5
2414,2
2415,2
2416,3
2419,3
2421,8
2422,2
2423,2
2426,2
2427,3
2428,2
2430,2
2431,2
2434,3
2435,2
2437,3
2439,2
2440,2
2442,2
2444,2
2445,2
2447,3
2448,2
2449,3
2450,5
2451,6
2452,2
2453,3
2454,2
2455,6
2457,3
2458,2
2459,2
2461,2
2463,4
2465,2
2466,2
2469,2
2470,2
2472,3
2475,3
2477,3
2480,2
2482,2
2483,2
2485,3
2487,2
2488,2
2489,2
2491,3
2492,2
2493,2
2494,2
2496,2
2497,2
2498,3
2499,2
2500,3
2502,4
2503,2
2504,2
2505,2
2506,2
2508,2
2509,3
2511,2
2515,2
2517,2
2519,2
2520,2
2521,2
2524,2
2525,7
2527,3
2529,2
2530,2
2531,4
2532,2
2533,3
2534,2
2535,2
2536,2
2537,2
2538,10
2539,9
2541,2
2542,2
2543,2
2544,2
2545,3
2548,2
2549,2
2550,4
2551,2
2552,2
2554,2
2556,2
2557,2
2558,2
2559,2
2560,2
2561,2
2562,2
2564,2
2565,2
2567,2
2568,4
2570,5
2573,2
2574,2
2575,2
2576,4
2577,2
2579,3
2580,2
2581,2
2582,2
2583,2
2584,2
2585,2
2586,3
2587,3
2589,5
2590,5
2591,3
2592,2
2593,2
2595,2
2596,4
2597,2
2598,3
2599,10
2600,2
2601,3
2603,2
2604,2
2605,2
2609,2
2610,7
2615,4
2616,3
2619,2
2620,2
2623,2
2625,10
2626,2
2627,6
2628,7
2630,2
2632,2
2633,10
2634,3
2635,3
2636,2
2637,3
2638,3
2640,2
2641,2
2642,2
2644,2
2646,4
2648,3
2650,2
2651,3
2652,4
2653,3
2657,4
2660,7
2661,2
2662,2
2665,2
2666,9
2667,2
2668,2
2669,3
2670,2
2671,2
2672,3
2673,2
2675,2
2676,3
2677,2
2678,2
2679,2
2680,2
2681,6
2682,7
2683,2
2684,2
2685,7
2686,3
2687,2
2688,2
2689,2
2691,2
2692,2
2693,2
2694,6
2695,2
2697,3
2698,2
2701,2
2702,2
2703,5
2707,2
2709,2
2711,2
2713,2
2715,2
2717,2
2719,2
2722,4
2723,3
2725,2
2727,2
2728,3
2729,2
2731,2
2732,2
2733,2
2734,2
2736,3
2737,3
2738,2
2739,2
2740,2
2741,2
2742,2
2743,2
2744,2
2745,2
2747,2
2748,2
2749,2
2750,2
2751,2
2752,3
2753,2
2754,2
2755,2
2757,2
2758,6
2759,3
2760,3
2761,3
2762,2
2764,2
2765,4
2766,2
2767,5
2769,4
2771,2
2772,3
2774,3
2776,2
2777,2
2778,2
2781,3
2782,2
2783,2
2784,2
2786,5
2787,2
2788,2
2789,2
2791,3
2793,2
2794,2
2795,2
2796,3
2797,10
2798,2
2799,2
2800,3
2802,3
2803,2
2804,2
2805,2
2806,6
2807,2
2808,2
2809,2
2810,2
2811,2
2812,6
2813,4
2814,5
2818,2
2819,2
2820,2
2821,3
2822,2
2824,2
2825,3
2826,2
2831,5
2834,2
2835,2
2837,2
2838,5
2839,10
2840,2
2841,2
2842,10
2843,3
2844,2
2846,5
2847,2
2848,3
2849,3
2851,2
2852,4
2853,2
2854,2
2855,4
2858,2
2859,3
2860,3
2862,2
2863,8
2864,4
2865,2
2867,2
2868,2
2869,2
2870,3
2872,2
2873,2
2874,2
2875,2
2876,2
2877,3
2878,2
2880,2
2882,2
2883,3
2885,8
2889,2
2890,4
2891,2
2893,2
2894,2
2895,2
2896,2
2897,2
2898,2
2899,2
2901,2
2902,2
2903,2
2904,8
2905,2
2906,2
2907,2
2908,2
2909,4
2911,3
2912,2
2913,4
2914,3
2916,2
2918,2
2919,2
2920,2
2922,6
2923,2
2924,2
2925,10
2926,10
2927,2
2928,2
2929,2
2930,2
2931,10
2932,2
2933,2
2934,5
2935,3
2936,5
2937,5
2938,2
2939,2
2940,2
2941,2
2942,2
2943,2
2944,2
2945,2
2946,7
2947,2
2948,3
2949,2
2951,2
2952,2
2953,2
2955,2
2958,3
2959,2
2961,2
2962,2
2963,7
2964,5
2966,2
2968,3
2969,4
2970,3
2971,2
2972,4
2974,2
2976,3
2977,2
2978,2
2980,2
2981,9
2982,2
2983,4
2984,2
2986,2
2987,2
2988,2
2989,5
2990,2
2991,2
2992,2
2993,2
2995,2
2996,2
2997,2
2998,7
3000,3
3001,2
3003,3
3004,2
3006,2
3007,2
3008,2
3009,3
3010,2
3011,2
3014,2
3015,4
3016,10
3017,2
3019,2
3021,2
3022,2
3023,2
3025,2
3027,2
3029,2
3031,3
3032,4
3033,4
3035,2
3036,4
3037,3
3038,2
3039,2
3040,3
3041,2
3042,2
3044,4
3047,2
3050,2
3052,3
3053,2
3054,2
3057,2
3058,4
3059,2
3060,3
3063,2
3064,3
3067,2
3068,2
3070,2
3071,7
3072,2
3073,3
3074,10
3075,5
3076,2
3080,3
3082,2
3084,8
3085,2
3087,3
3088,2
3089,2
3090,2
3092,2
3093,2
3094,2
3095,7
3097,2
3098,2
3099,2
3101,2
3102,3
3103,2
3105,2
3106,2
3109,2
3111,2
3112,4
3113,2
3114,2
3117,2
3119,2
3121,8
3122,2
3123,2
3127,2
3129,2
3132,2
3133,2
3139,6
3140,2
3141,2
3143,2
3144,2
3146,2
3149,5
3151,2
3155,2
3156,2
3157,2
3158,3
3159,2
3160,2
3161,3
3162,2
3163,2
3164,5
3165,2
3167,3
3168,2
3169,2
3170,2
3171,2
3172,2
3173,2
3174,2
3175,3
3176,10
3177,2
3178,2
3180,3
3182,2
3183,2
3184,2
3186,6
3187,3
3190,2
3192,2
3193,5
3195,5
3197,2
3198,2
3199,2
3200,4
3201,3
3202,2
3203,10
3205,2
3206,2
3207,2
3208,2
3210,10
3211,2
3212,2
3215,2
3216,2
3217,2
3218,2
3219,5
3220,2
3222,2
3224,2
3226,4
3227,8
3228,4
3229,2
3231,3
3232,7
3234,3
3237,4
3238,5
3239,2
3240,2
3241,2
3243,4
3245,2
3246,3
3247,2
3250,3
3251,2
3252,2
3253,3
3255,2
3256,2
3258,2
3259,2
3260,3
3263,2
3264,2
3268,2
3269,2
3270,3
3272,2
3274,3
3276,2
3277,2
3278,2
3280,2
3281,3
3282,4
3284,2
3285,4
3288,8
3289,2
3295,2
3296,2
3299,2
3302,6
3304,3
3307,4
3308,4
3310,5
3312,4
3314,2
3315,2
3318,2
3321,2
3322,2
3325,2
3326,3
3329,2
3332,2
3335,6
3338,2
3339,2
3341,2
3343,9
3347,2
3348,2
3349,2
3350,2
3351,2
3353,2
3355,2
3356,2
3357,4
3359,2
3360,4
3361,2
3362,2
3365,2
3366,3
3368,2
3370,2
3371,2
3374,4
3376,3
3378,2
3380,2
3381,2
3382,3
3383,3
3384,2
3386,2
3387,2
3388,2
3389,3
3390,2
3391,2
3393,2
3394,2
3396,2
3397,3
3399,2
3400,4
3402,2
3403,3
3404,4
3405,4
3406,2
3407,2
3408,2
3410,2
3412,2
3416,2
3417,2
3418,3
3421,5
3422,2
3423,2
3424,2
3425,2
3428,2
3429,3
3430,4
3432,2
3434,3
3435,4
3441,2
3442,9
3445,2
3446,2
3447,5
3449,3
3450,2
3451,2
3453,10
3454,6
3455,2
3456,6
3457,2
3458,2
3462,2
3463,2
3466,10
3467,2
3472,2
3474,2
3475,2
3476,2
3479,2
3480,2
3481,3
3482,10
3487,2
3488,4
3489,6
3490,3
3491,3
3492,2
3493,3
3494,2
3495,2
3497,3
3500,3
3503,2
3504,2
3506,2
3507,2
3509,2
3510,2
3511,2
3512,2
3514,2
3515,2
3516,2
3517,2
3518,2
3519,2
3520,2
3522,2
3523,3
3524,3
3525,7
3526,2
3527,2
3530,2
3532,3
3533,2
3534,7
3535,10
3536,3
3537,4
3538,7
3540,2
3541,2
3542,2
3543,3
3545,10
3546,2
3547,2
3548,2
3549,3
3550,2
3551,3
3552,2
3553,2
3559,2
3560,2
3564,2
3565,2
3566,4
3567,2
3570,2
3573,2
3574,2
3575,2
3578,4
3581,2
3582,4
3583,2
3584,2
3587,7
3588,4
3589,2
3591,2
3594,5
3595,2
3596,2
3598,2
3599,2
3601,3
3603,2
3604,2
3605,2
3606,3
3607,2
3609,2
3610,2
3611,2
3612,3
3613,2
3615,3
3616,5
3617,2
3618,10
3619,2
3620,6
3621,2
3622,8
3624,2
3625,2
3626,2
3627,2
3629,4
3630,3
3631,3
3632,2
3634,2
3635,6
3636,2
3637,2
3640,2
3641,2
3642,2
3643,2
3646,2
3647,2
3648,3
3649,2
3651,3
3652,2
3653,2
3654,2
3655,2
3656,3
3657,2
3658,2
3660,5
3661,2
3663,3
3664,4
3665,4
3666,2
3667,2
3668,2
3669,2
3670,2
3671,10
3672,2
3673,2
3674,9
3675,2
3676,3
3677,2
3678,4
3679,2
3681,2
3682,2
3683,2
3684,2
3685,2
3686,7
3687,2
3688,2
3689,2
3691,2
3692,3
3693,3
3696,3
3698,2
3700,2
3702,3
3703,4
3704,2
3705,2
3707,2
3708,2
3710,3
3711,4
3712,2
3715,2
3716,2
3720,2
3721,8
3722,3
3723,3
3724,3
3725,2
3727,2
3728,2
3730,2
3732,3
3737,5
3739,3
3741,2
3743,4
3744,2
3745,4
3746,2
3747,2
3748,3
3749,3
3751,3
3753,2
3757,2
3761,2
3763,3
3765,2
3766,2
3767,2
3769,10
3770,2
3771,3
3774,2
3775,4
3777,6
3779,2
3780,2
3783,2
3784,2
3785,2
3786,4
3787,3
3788,2
3790,2
3791,2
3792,3
3793,2
3794,2
3795,2
3796,2
3797,3
3800,2
